version = 'MMult1';
MY_MMult = [
0 0.000000e+00 0.000000e+00 
32 1.095004e-02 1.998401e-15 
64 1.219274e+01 5.329071e-15 
96 1.734776e+01 7.105427e-15 
128 2.255002e+01 1.065814e-14 
160 2.340571e+01 1.243450e-14 
192 2.701484e+01 1.421085e-14 
224 2.946114e+01 1.598721e-14 
256 4.279902e+01 2.486900e-14 
288 5.215693e+01 3.197442e-14 
320 5.230327e+01 3.907985e-14 
352 5.235799e+01 3.907985e-14 
384 5.405547e+01 4.263256e-14 
416 5.291532e+01 4.973799e-14 
448 5.200428e+01 5.329071e-14 
480 5.276336e+01 6.394885e-14 
512 5.100427e+01 7.460699e-14 
544 4.190244e+01 5.684342e-14 
576 4.082089e+01 7.105427e-14 
608 4.856958e+01 7.283063e-14 
640 4.610341e+01 7.815970e-14 
672 5.043032e+01 8.171241e-14 
704 5.522971e+01 9.237056e-14 
736 4.184825e+01 8.881784e-14 
768 5.226547e+01 9.947598e-14 
800 5.122049e+01 1.065814e-13 
832 3.375515e+01 1.065814e-13 
864 4.848688e+01 1.101341e-13 
896 4.271261e+01 1.207923e-13 
928 4.967700e+01 1.421085e-13 
960 4.893181e+01 1.278977e-13 
992 5.615783e+01 1.492140e-13 
1024 4.775582e+01 1.634248e-13 
];
