version = 'openblas';
MY_MMult = [
0 0.000000e+00 0.000000e+00 
32 1.424696e+00 1.998401e-15 
64 1.941807e+01 5.329071e-15 
96 2.999105e+01 7.105427e-15 
128 3.647221e+01 1.065814e-14 
160 4.266667e+01 1.243450e-14 
192 4.175745e+01 1.421085e-14 
224 4.306293e+01 1.598721e-14 
256 4.739327e+01 2.486900e-14 
288 5.840556e+01 3.197442e-14 
320 5.830605e+01 3.907985e-14 
352 5.811353e+01 3.907985e-14 
384 5.769038e+01 4.263256e-14 
416 5.661919e+01 4.973799e-14 
448 5.687248e+01 5.329071e-14 
480 5.629524e+01 6.394885e-14 
512 5.459334e+01 7.460699e-14 
544 4.653539e+01 5.684342e-14 
576 5.387735e+01 7.105427e-14 
608 5.765924e+01 7.283063e-14 
640 5.695068e+01 7.815970e-14 
672 5.642701e+01 8.171241e-14 
704 5.477452e+01 9.237056e-14 
736 5.398988e+01 8.881784e-14 
768 5.161044e+01 9.947598e-14 
800 4.991470e+01 1.065814e-13 
832 5.607618e+01 1.065814e-13 
864 5.755086e+01 1.101341e-13 
896 5.809426e+01 1.207923e-13 
928 5.754455e+01 1.421085e-13 
960 5.455777e+01 1.278977e-13 
992 4.975365e+01 1.492140e-13 
1024 5.591532e+01 1.634248e-13 
];
