version = 'MMult1';
MY_MMult = [
0 0.000000e+00 0.000000e+00 
32 1.213630e-01 1.998401e-15 
64 2.383127e+01 5.329071e-15 
96 3.538944e+01 7.105427e-15 
128 3.039351e+01 1.065814e-14 
160 3.706787e+01 1.243450e-14 
192 4.250984e+01 1.421085e-14 
224 5.040100e+01 1.598721e-14 
256 5.242880e+01 2.486900e-14 
288 5.013195e+01 3.197442e-14 
320 5.582283e+01 3.907985e-14 
352 5.472297e+01 3.907985e-14 
384 5.570399e+01 4.263256e-14 
416 5.653027e+01 4.973799e-14 
448 5.747229e+01 5.329071e-14 
480 5.736100e+01 6.394885e-14 
512 5.477157e+01 7.460699e-14 
544 5.551351e+01 5.684342e-14 
576 5.825422e+01 7.105427e-14 
608 5.208104e+01 7.283063e-14 
640 5.930860e+01 7.815970e-14 
672 5.518539e+01 8.171241e-14 
704 5.968928e+01 9.237056e-14 
736 5.907806e+01 8.881784e-14 
768 5.794127e+01 9.947598e-14 
800 5.879651e+01 1.065814e-13 
832 5.738645e+01 1.065814e-13 
864 5.866053e+01 1.101341e-13 
896 5.893676e+01 1.207923e-13 
928 5.883019e+01 1.421085e-13 
960 5.873571e+01 1.278977e-13 
992 5.731009e+01 1.492140e-13 
1024 5.307540e+01 1.634248e-13 
];
