version = 'pthread';
MY_MMult = [
0 0.000000e+00 0.000000e+00 
32 4.714820e-01 8.847071e+00 
64 1.197005e+00 1.462523e+01 
96 1.357998e+00 1.733069e+01 
128 6.616665e-01 2.213868e+01 
160 1.299080e+00 2.771944e+01 
192 1.358911e+00 2.694270e+01 
224 1.375442e+00 3.498728e+01 
256 1.230317e+00 3.357725e+01 
288 1.366974e+00 4.329022e+01 
320 1.339246e+00 3.757457e+01 
352 1.357007e+00 3.995816e+01 
384 1.295086e+00 4.450551e+01 
416 1.354850e+00 4.232760e+01 
448 1.320353e+00 4.725952e+01 
480 1.263706e+00 5.060879e+01 
512 9.912207e-01 4.980890e+01 
544 1.324627e+00 4.821273e+01 
576 1.271223e+00 5.352013e+01 
608 1.345255e+00 5.662377e+01 
640 1.166383e+00 5.973331e+01 
672 1.285441e+00 6.008807e+01 
704 1.237447e+00 6.177052e+01 
736 1.034783e+00 6.393809e+01 
768 1.096638e+00 6.889779e+01 
800 1.278710e+00 6.826642e+01 
832 1.204137e+00 6.775206e+01 
864 1.030576e+00 6.795418e+01 
896 1.000715e+00 6.445149e+01 
928 1.308647e+00 7.378512e+01 
960 9.685282e-01 7.301204e+01 
992 8.862898e-01 7.378736e+01 
1024 8.601109e-01 7.971036e+01 
];
