version = 'openmp';
MY_MMult = [
0 0.000000e+00 0.000000e+00 
32 1.820444e+00 0.000000e+00 
64 1.468594e+00 0.000000e+00 
96 1.500824e+00 0.000000e+00 
128 6.526068e-01 0.000000e+00 
160 1.271063e+00 0.000000e+00 
192 1.399484e+00 0.000000e+00 
224 1.457111e+00 0.000000e+00 
256 9.781493e-01 0.000000e+00 
288 1.418772e+00 0.000000e+00 
320 1.409649e+00 0.000000e+00 
352 1.429482e+00 0.000000e+00 
384 1.265024e+00 0.000000e+00 
416 1.382029e+00 0.000000e+00 
448 1.373960e+00 0.000000e+00 
480 1.374522e+00 0.000000e+00 
512 6.350090e-01 0.000000e+00 
544 1.417682e+00 0.000000e+00 
576 1.278225e+00 0.000000e+00 
608 1.426196e+00 0.000000e+00 
640 1.266993e+00 0.000000e+00 
672 1.428034e+00 0.000000e+00 
704 1.326201e+00 0.000000e+00 
736 1.357928e+00 0.000000e+00 
768 9.246240e-01 0.000000e+00 
800 1.081538e+00 0.000000e+00 
832 1.015639e+00 0.000000e+00 
864 1.009428e+00 0.000000e+00 
896 9.900559e-01 0.000000e+00 
928 7.745035e-01 0.000000e+00 
960 1.062236e+00 0.000000e+00 
992 8.160035e-01 0.000000e+00 
1024 4.322208e-01 0.000000e+00 
];
