version = 'native';
MY_MMult = [
0 -nan 0.000000e+00 
32 9.230423e-01 0.000000e+00 
64 8.931652e-01 0.000000e+00 
96 8.315188e-01 0.000000e+00 
128 7.778754e-01 0.000000e+00 
160 7.890580e-01 0.000000e+00 
192 7.699215e-01 0.000000e+00 
224 7.702192e-01 0.000000e+00 
256 5.591846e-01 0.000000e+00 
288 7.482028e-01 0.000000e+00 
320 7.408630e-01 0.000000e+00 
352 7.359433e-01 0.000000e+00 
384 7.141357e-01 0.000000e+00 
416 7.247434e-01 0.000000e+00 
448 7.150074e-01 0.000000e+00 
480 7.169939e-01 0.000000e+00 
512 4.525088e-01 0.000000e+00 
544 7.105494e-01 0.000000e+00 
576 7.105772e-01 0.000000e+00 
608 7.280150e-01 0.000000e+00 
640 6.711110e-01 0.000000e+00 
672 7.292653e-01 0.000000e+00 
704 7.158804e-01 0.000000e+00 
736 7.334511e-01 0.000000e+00 
768 4.474718e-01 0.000000e+00 
800 7.206188e-01 0.000000e+00 
832 6.972666e-01 0.000000e+00 
864 7.252991e-01 0.000000e+00 
896 6.328582e-01 0.000000e+00 
928 6.860168e-01 0.000000e+00 
960 6.936261e-01 0.000000e+00 
992 7.215929e-01 0.000000e+00 
1024 3.159136e-01 0.000000e+00 
];
