version = 'MMult0';
MY_MMult = [
0 -nan 0.000000e+00 
32 1.260308e+00 0.000000e+00 
64 1.026004e+00 0.000000e+00 
96 8.712319e-01 0.000000e+00 
128 8.398686e-01 0.000000e+00 
160 6.795521e-01 0.000000e+00 
192 7.817416e-01 0.000000e+00 
224 7.647688e-01 0.000000e+00 
256 6.257120e-01 0.000000e+00 
288 7.696083e-01 0.000000e+00 
320 7.561381e-01 0.000000e+00 
352 7.630331e-01 0.000000e+00 
384 6.956882e-01 0.000000e+00 
416 7.566641e-01 0.000000e+00 
448 7.277623e-01 0.000000e+00 
480 7.256360e-01 0.000000e+00 
512 4.361967e-01 0.000000e+00 
544 7.067252e-01 0.000000e+00 
576 7.117257e-01 0.000000e+00 
608 7.297962e-01 0.000000e+00 
640 6.675435e-01 0.000000e+00 
672 7.347799e-01 0.000000e+00 
704 7.136365e-01 0.000000e+00 
736 7.331658e-01 0.000000e+00 
768 4.596864e-01 0.000000e+00 
800 7.360541e-01 0.000000e+00 
832 7.105102e-01 0.000000e+00 
864 7.257165e-01 0.000000e+00 
896 6.403295e-01 0.000000e+00 
928 7.337054e-01 0.000000e+00 
960 6.981061e-01 0.000000e+00 
992 7.240321e-01 0.000000e+00 
1024 3.162417e-01 0.000000e+00 
];
