version = 'pthread';
MY_MMult = [
0 0.000000e+00 0.000000e+00 
32 2.283484e-01 8.847071e+00 
64 1.134823e+00 1.462523e+01 
96 1.224548e+00 1.733069e+01 
128 1.191225e+00 2.213868e+01 
160 1.039990e+00 2.771944e+01 
192 1.305161e+00 2.694270e+01 
224 1.362189e+00 3.498728e+01 
256 1.008186e+00 3.357725e+01 
288 1.267362e+00 4.329022e+01 
320 1.328765e+00 3.757457e+01 
352 1.065997e+00 3.995816e+01 
384 1.190874e+00 4.450551e+01 
416 1.242418e+00 4.232760e+01 
448 1.312135e+00 4.725952e+01 
480 1.019511e+00 5.060879e+01 
512 8.223571e-01 4.980890e+01 
544 1.241970e+00 4.821273e+01 
576 1.284920e+00 5.352013e+01 
608 1.303166e+00 5.662377e+01 
640 1.182934e+00 5.973331e+01 
672 1.271303e+00 6.008807e+01 
704 1.271146e+00 6.177052e+01 
736 1.283223e+00 6.393809e+01 
768 1.107218e+00 6.889779e+01 
800 1.183433e+00 6.826642e+01 
832 1.318436e+00 6.775206e+01 
864 1.281119e+00 6.795418e+01 
896 1.310922e+00 6.445149e+01 
928 1.213718e+00 7.378512e+01 
960 1.131171e+00 7.301204e+01 
992 1.119962e+00 7.378736e+01 
1024 6.659950e-01 7.971036e+01 
];
