version = 'openmp';
MY_MMult = [
0 0.000000e+00 0.000000e+00 
32 6.488713e-01 0.000000e+00 
64 1.390684e+00 0.000000e+00 
96 1.336459e+00 0.000000e+00 
128 1.375633e+00 0.000000e+00 
160 1.421235e+00 0.000000e+00 
192 1.401562e+00 0.000000e+00 
224 1.409686e+00 0.000000e+00 
256 1.070078e+00 0.000000e+00 
288 1.298677e+00 0.000000e+00 
320 1.016834e+00 0.000000e+00 
352 1.072340e+00 0.000000e+00 
384 8.897618e-01 0.000000e+00 
416 1.396940e+00 0.000000e+00 
448 1.138869e+00 0.000000e+00 
480 1.347902e+00 0.000000e+00 
512 7.550778e-01 0.000000e+00 
544 1.351448e+00 0.000000e+00 
576 1.304101e+00 0.000000e+00 
608 1.427016e+00 0.000000e+00 
640 1.290457e+00 0.000000e+00 
672 1.386211e+00 0.000000e+00 
704 1.294927e+00 0.000000e+00 
736 1.362529e+00 0.000000e+00 
768 8.909404e-01 0.000000e+00 
800 1.223014e+00 0.000000e+00 
832 1.275206e+00 0.000000e+00 
864 1.374554e+00 0.000000e+00 
896 1.091044e+00 0.000000e+00 
928 8.415522e-01 0.000000e+00 
960 1.035150e+00 0.000000e+00 
992 6.912052e-01 0.000000e+00 
1024 4.576979e-01 0.000000e+00 
];
